aggregation_time = [647.1258544921875, 619.6853637695312, 657.269287109375, 647.209228515625, 653.8070678710938, 611.9932861328125, 657.1268920898438, 646.323486328125, 657.8927001953125, 657.1083984375, 656.4446411132812, 646.657958984375, 657.258544921875, 659.2631225585938, 670.553466796875, 629.26708984375, 657.53076171875, 678.2501831054688, 633.939697265625, 661.5227661132812, 649.0772094726562, 637.4443359375, 625.381591796875, 650.9528198242188, 673.5786743164062, 638.0313110351562, 644.46630859375, 635.9277954101562, 654.0651245117188, 640.1715087890625, 657.8330078125, 675.1934814453125, 668.2598876953125, 646.194580078125, 682.425048828125, 670.8314819335938, 660.6513061523438, 646.2177124023438, 675.6357421875, 652.889892578125, 684.3727416992188, 673.0501098632812, 672.5083618164062, 655.6793212890625, 681.2229614257812, 667.9840698242188, 677.7932739257812, 665.4320678710938, 675.946533203125, 670.241455078125, 670.5431518554688, 672.3709716796875, 654.39794921875, 664.4462280273438, 677.4027709960938, 655.3135375976562, 659.5474243164062, 656.4176025390625, 657.2474365234375, 677.0469970703125, 720.2174072265625, 610.21044921875, 664.0394897460938, 627.6773071289062, 666.6159057617188, 664.5180053710938, 672.0543823242188, 652.7301025390625, 655.5614624023438, 663.94189453125, 673.0093383789062, 674.30517578125, 671.11572265625, 659.7136840820312, 669.1151733398438, 672.5037841796875, 647.4390258789062, 679.7159423828125, 664.5789794921875, 678.40283203125, 648.3900756835938, 626.71142578125, 670.065185546875, 659.0578002929688, 675.4337158203125, 643.3096923828125, 660.8145141601562, 671.6454467773438, 666.4348754882812, 677.3971557617188, 688.3709106445312, 680.094482421875, 690.3871459960938, 663.0430908203125, 639.0410766601562, 632.9808349609375, 689.7388305664062, 662.7733764648438, 685.4008178710938, 659.6860961914062]
aggregation_time = [564.7987670898438, 575.7760620117188, 577.7521362304688, 561.5531005859375, 565.632080078125, 592.3191528320312, 557.934326171875, 566.1044311523438, 599.3338012695312, 611.4283447265625, 625.4603271484375, 561.564697265625, 620.1531372070312, 597.0926513671875, 601.0501098632812, 606.4287109375, 611.2393188476562, 548.4010620117188, 612.4508056640625, 611.1753540039062, 610.407470703125, 607.0642700195312, 603.4334106445312, 611.29248046875, 614.7522583007812, 550.9178466796875, 610.3411865234375, 582.0004272460938, 602.8472290039062, 612.8589477539062, 607.0955810546875, 599.087158203125, 607.6764526367188, 624.1563110351562, 602.9159545898438, 625.546875, 607.2438354492188, 607.7348022460938, 609.7308349609375, 594.6432495117188, 587.1892700195312, 593.291015625, 607.3178100585938, 613.1961669921875, 591.76025390625, 570.177978515625, 581.677978515625, 595.1511840820312, 560.880859375, 639.3289184570312, 611.0494995117188, 615.4285278320312, 613.6701049804688, 608.8282470703125, 605.872802734375, 607.2544555664062, 604.453857421875, 597.1143188476562, 578.2734375, 585.9055786132812, 611.9369506835938, 591.8259887695312, 602.685302734375, 595.8731689453125, 607.6882934570312, 597.47265625, 627.6943969726562, 587.9086303710938, 625.5947265625, 557.7839965820312, 605.7337036132812, 631.0228881835938, 623.4860229492188, 599.6552124023438, 622.2578125, 609.301513671875, 604.43505859375, 607.5032958984375, 586.368896484375, 602.0040893554688, 596.2943115234375, 608.6090698242188, 624.782470703125, 606.5679931640625, 607.0772094726562, 627.3094482421875, 584.1548461914062, 632.8350219726562, 589.0816040039062, 592.6754150390625, 603.4946899414062, 593.637939453125, 621.9017333984375, 627.2894897460938, 581.96240234375, 622.6866455078125, 628.2534790039062, 595.540283203125, 617.3829956054688, 628.4518432617188]
