global_accurices = {0: 10.0, 1: 10.05, 2: 21.790000000000003, 3: 44.72, 4: 53.239999999999995, 5: 55.989999999999995, 6: 59.67, 7: 60.99, 8: 63.690000000000005, 9: 65.06, 10: 64.78, 11: 66.63, 12: 65.82000000000001, 13: 66.61, 14: 66.25999999999999, 15: 66.83, 16: 67.25, 17: 68.5, 18: 68.10000000000001, 19: 67.60000000000001, 20: 68.06, 21: 67.67999999999999, 22: 68.65, 23: 66.8, 24: 68.81, 25: 67.82000000000001, 26: 68.37, 27: 67.86999999999999, 28: 68.54, 29: 66.14999999999999, 30: 69.48, 31: 65.82000000000001, 32: 69.42, 33: 63.74999999999999, 34: 69.14, 35: 63.83, 36: 69.08, 37: 64.75999999999999, 38: 68.67, 39: 59.919999999999995, 40: 68.78999999999999, 41: 69.56, 42: 60.540000000000006, 43: 70.46, 44: 66.77, 45: 65.64999999999999, 46: 70.82000000000001, 47: 61.46, 48: 68.78999999999999, 49: 70.56, 50: 47.3, 51: 71.84, 52: 69.12, 53: 70.92, 54: 65.62, 55: 72.25, 56: 60.07, 57: 71.87, 58: 66.99000000000001, 59: 69.3, 60: 72.04, 61: 50.94, 62: 69.93, 63: 71.86, 64: 60.14000000000001, 65: 68.45, 66: 71.07, 67: 52.89, 68: 68.74, 69: 71.59, 70: 54.459999999999994, 71: 71.41999999999999, 72: 72.41, 73: 59.91, 74: 68.7, 75: 70.78999999999999, 76: 68.24, 77: 69.52000000000001, 78: 65.25999999999999, 79: 65.75999999999999, 80: 70.17, 81: 55.169999999999995, 82: 69.99, 83: 56.97, 84: 65.45, 85: 64.42999999999999, 86: 66.25999999999999, 87: 63.74999999999999, 88: 68.56, 89: 59.81999999999999, 90: 68.72, 91: 56.58, 92: 68.45, 93: 49.64, 94: 63.72, 95: 60.23, 96: 68.21000000000001, 97: 63.7, 98: 65.13, 99: 65.64999999999999}
global_accurices = {0: 10.0, 1: 12.18, 2: 25.180000000000003, 3: 44.34, 4: 54.13, 5: 57.64, 6: 59.39, 7: 59.47, 8: 61.67, 9: 63.44, 10: 62.1, 11: 63.49, 12: 63.519999999999996, 13: 65.28, 14: 64.14, 15: 65.11, 16: 66.57, 17: 66.59, 18: 65.66, 19: 65.19, 20: 66.39, 21: 65.28, 22: 67.97999999999999, 23: 65.05, 24: 67.34, 25: 66.35, 26: 67.94, 27: 66.7, 28: 67.4, 29: 66.24, 30: 68.05, 31: 66.27, 32: 67.57, 33: 67.36999999999999, 34: 68.73, 35: 65.44, 36: 69.08999999999999, 37: 64.53, 38: 69.65, 39: 62.59, 40: 70.05, 41: 68.32000000000001, 42: 62.39, 43: 70.34, 44: 64.48, 45: 69.41000000000001, 46: 70.06, 47: 64.69, 48: 69.13, 49: 68.78, 50: 59.21999999999999, 51: 71.63000000000001, 52: 67.74, 53: 68.56, 54: 72.03, 55: 68.87, 56: 68.35, 57: 68.60000000000001, 58: 70.28999999999999, 59: 67.88, 60: 68.56, 61: 58.160000000000004, 62: 68.23, 63: 67.75, 64: 58.3, 65: 69.25, 66: 70.67, 67: 71.93, 68: 47.199999999999996, 69: 71.74000000000001, 70: 71.65, 71: 57.42, 72: 69.6, 73: 71.1, 74: 65.51, 75: 65.75999999999999, 76: 69.27, 77: 71.31, 78: 63.04, 79: 69.77, 80: 64.78, 81: 65.07, 82: 64.85, 83: 61.309999999999995, 84: 65.27, 85: 62.86000000000001, 86: 66.64999999999999, 87: 66.72, 88: 71.8, 89: 65.35, 90: 71.24000000000001, 91: 56.47, 92: 68.97, 93: 68.17999999999999, 94: 71.16, 95: 60.550000000000004, 96: 71.45, 97: 66.03999999999999, 98: 66.41, 99: 51.89}
